# Flow|Control|1|2|3
#
# Check Instrument
11111
00000
11111
00000
11111
00000
11111
00000
11111
#
01000
11000
00100
10100
00010
10010
00001
10001
#
# Start Experiment
#
# 10s Control
11000
01000
11000
01000
11000
01000
11000
01000
11000
01000
# 10s Odor1
10100
00100
10100
00100
10100
00100
10100
00100
10100
00100
# direct switching
11000
10100
11000
10100
11000
10100
11000
10100
11000
10100
11000
10100
11000
10100
11000
10100
11000
10100
11000
10100
11000
10100
11000
10100
11000
10100
11000
10100
11000
10100
11000
10100
11000
10100
11000
10100

